1.0000000e+000  1.0000000e+000  1.0000000e+000  1.0000000e+000     0
  9.9975000e-001  9.9961000e-001  9.9944000e-001  9.9924000e-001     0.05
  9.9800000e-001  9.9843000e-001  9.9774000e-001  9.9694000e-001     0.10
  9.9766000e-001  9.9638000e-001  9.9482000e-001  9.9302000e-001     0.15
  9.9568000e-001  9.9333000e-001  9.9054000e-001  9.8732000e-001     0.2
  9.9287000e-001  9.8909000e-001  9.8466000e-001  9.7967000e-001     0.25
  9.8899000e-001  9.8337000e-001  9.7691000e-001  9.6979000e-001     0.3
  9.8366000e-001  9.7572000e-001  9.6688000e-001  9.5739000e-001     0.35
  9.7627000e-001  9.6559000e-001  9.5410000e-001  9.4218000e-001     0.4
  9.6592000e-001  9.5220000e-001  9.3810000e-001  9.2397000e-001     0.45
  9.5133000e-001  9.3479000e-001  9.1854000e-001  9.0277000e-001     0.5
  9.3119000e-001  9.1288000e-001  8.9549000e-001  8.7899000e-001     0.55
  9.0502000e-001  8.8681000e-001  8.6964000e-001  8.5341000e-001     0.6
  8.7432000e-001  8.5800000e-001  8.4222000e-001  8.2709000e-001     0.65
  8.4201000e-001  8.2841000e-001  8.1466000e-001  8.0110000e-001     0.7
  8.1074000e-001  7.9982000e-001  7.8818000e-001  7.7632000e-001     0.75
  7.8202000e-001  7.7332000e-001  7.6357000e-001  7.5330000e-001     0.8
  7.5644000e-001  7.4943000e-001  7.4125000e-001  7.3236000e-001     0.85
  7.3402000e-001  7.2826000e-001  7.2130000e-001  7.1355000e-001     0.9
  7.1454000e-001  7.0967000e-001  7.0365000e-001  6.9682000e-001     0.95
  6.9768000e-001  6.9344000e-001  6.8814000e-001  6.8203000e-001     1
  6.5030000e-001  6.4712000e-001  6.4321000e-001  6.3869000e-001     1.2
  6.2361000e-001  6.2048000e-001  6.1687000e-001  6.1284000e-001     1.4
  6.0815000e-001  6.0479000e-001  6.0111000e-001  5.9713000e-001     1.6
  5.9892000e-001  5.9526000e-001  5.9139000e-001  5.8731000e-001     1.8
  5.9326000e-001  5.8932000e-001  5.8524000e-001  5.8101000e-001     2
  5.8804000e-001  5.8148000e-001  5.7516000e-001  5.6903000e-001     1e3